=== Output Channel 0 ===
Input Channel 0:
  0.04895602  -0.16353358  -0.13499126
 -0.09600226  -0.14868259  -0.06650870
 -0.09719421  -0.08925007   0.12890328

Input Channel 1:
  0.01773368  -0.04981460   0.07171042
 -0.21462649  -0.00122898   0.07191381
 -0.00847745   0.09102560   0.01801791

Input Channel 2:
  0.06492685   0.04392835   0.00243438
  0.04949601   0.00923347   0.16535154
  0.00477560   0.00343231   0.11384413

Input Channel 3:
 -0.10228491  -0.00499097   0.00008950
 -0.03005182   0.11012669   0.03733354
 -0.05764695   0.00935316   0.00563212

Input Channel 4:
  0.03868194   0.00262386  -0.13307679
 -0.05241444  -0.11784767  -0.07476060
  0.01473860  -0.06145881   0.00447239

Input Channel 5:
 -0.20410430  -0.01131906  -0.07145504
 -0.14850599  -0.13855408   0.01772012
 -0.14716685   0.13212729  -0.06701604

Input Channel 6:
  0.04648606   0.11039913   0.04953865
 -0.06740554   0.06789707  -0.05471719
 -0.19672984  -0.09102111   0.09409169

Input Channel 7:
  0.00240089  -0.00165230   0.05956803
 -0.01820703   0.09924901   0.03877191
 -0.07516298   0.06978224  -0.00381507

Input Channel 8:
  0.02940269   0.16832858  -0.00125702
  0.08656873   0.16338444   0.14393966
 -0.07509137   0.06375951   0.02611252

Input Channel 9:
 -0.01464757  -0.14430022  -0.11353457
 -0.09074152  -0.12942646  -0.08081455
  0.03495273   0.09398965   0.07374130

Input Channel 10:
 -0.00564875   0.05249228  -0.02020777
  0.00671936   0.04016308  -0.09559289
 -0.06576400  -0.10853348  -0.00659892

Input Channel 11:
  0.14432564   0.15449929   0.11677946
 -0.00001946   0.15131015  -0.00893635
 -0.02175124  -0.17137934  -0.02452930

Input Channel 12:
 -0.19595708  -0.16038512  -0.05400122
 -0.05112719  -0.02029652  -0.02314522
 -0.07430348  -0.18551908   0.00532229

Input Channel 13:
 -0.09921916  -0.21602772  -0.05527570
 -0.08059675  -0.18385841  -0.06687234
  0.05410126   0.02131533   0.05033688

Input Channel 14:
  0.07588131   0.17088586   0.28198594
  0.21206971   0.33155549   0.17464696
  0.12118341   0.11248941   0.09481072

Input Channel 15:
  0.02833741  -0.01134118   0.05513100
 -0.03565238  -0.01425881  -0.01104935
 -0.02584053  -0.08304516  -0.07053957


=== Output Channel 1 ===
Input Channel 0:
  0.17508449  -0.19665314  -0.37720287
 -0.01347779  -0.27833328  -0.38120878
 -0.16279387  -0.09889252   0.14719814

Input Channel 1:
  0.07681607  -0.13058394  -0.00737947
 -0.09750654   0.07875306  -0.05275771
  0.27654248   0.05355037  -0.11784092

Input Channel 2:
  0.11692375   0.05558506  -0.16440447
  0.32441103  -0.03899650  -0.13602604
 -0.13114192   0.05729790   0.07256448

Input Channel 3:
 -0.15490575   0.06071669   0.07895762
  0.01016119   0.01778872  -0.00524172
 -0.02026275   0.09395320  -0.01972492

Input Channel 4:
  0.06375001   0.06915357   0.05080194
 -0.17116061  -0.21883734  -0.04851804
 -0.23502304  -0.05585093  -0.06300458

Input Channel 5:
 -0.15631716  -0.04145290   0.12032046
 -0.19418015  -0.04682536  -0.01730157
  0.00319393   0.05668234  -0.11236297

Input Channel 6:
  0.17727800  -0.01923071  -0.51624358
  0.12186771  -0.24526787  -0.08542887
 -0.25926986   0.08499455   0.03936617

Input Channel 7:
 -0.11528545  -0.10179605  -0.05048073
 -0.08188727  -0.06861676   0.04512470
  0.01122150  -0.02399109   0.07443624

Input Channel 8:
 -0.23490223  -0.05524557   0.08573117
 -0.05491828   0.10223942   0.13397656
  0.06846368   0.00351342  -0.12761037

Input Channel 9:
 -0.13942085  -0.16700563  -0.21063720
 -0.15292254  -0.22194780  -0.07832006
 -0.21550851  -0.06142482   0.05995930

Input Channel 10:
 -0.02273093  -0.00179069   0.01587689
 -0.10356120  -0.05772408   0.02889381
 -0.06870379   0.01239113   0.03005253

Input Channel 11:
 -0.00316655   0.24101633   0.04612568
  0.20253287   0.24737132  -0.17243256
 -0.07938895  -0.23885752   0.00191980

Input Channel 12:
 -0.16102828  -0.02103905   0.11788496
  0.01708559   0.06630807   0.07560397
  0.12965822   0.06552078  -0.13756977

Input Channel 13:
  0.00961772   0.00105944  -0.01408004
 -0.14069961  -0.18018407   0.00338850
 -0.17479761  -0.06082983  -0.05259437

Input Channel 14:
 -0.04720955   0.08455062   0.15662287
  0.23693228   0.22754346  -0.00697240
  0.17836992  -0.00482482  -0.10510344

Input Channel 15:
 -0.01345225   0.05978687  -0.03001031
 -0.03492327   0.13047408  -0.05008272
 -0.26356673  -0.01173330   0.07380108


=== Output Channel 2 ===
Input Channel 0:
  0.05679839   0.16047664   0.18272293
  0.06920446   0.11046970   0.19695668
 -0.29643425  -0.00062836  -0.17463164

Input Channel 1:
 -0.31970394  -0.18753651  -0.11112641
 -0.05515741  -0.01532838  -0.08356637
  0.25281411   0.16887623   0.20612839

Input Channel 2:
  0.14972296   0.07612090   0.10545588
  0.14727673   0.04373979  -0.00271881
 -0.22825652  -0.14259717  -0.17133541

Input Channel 3:
 -0.15259083  -0.18265146  -0.01679302
 -0.11013301  -0.16497485  -0.05114940
  0.20772155   0.03200796   0.04577445

Input Channel 4:
 -0.15380360  -0.22402501  -0.03357127
 -0.06912860  -0.15875515  -0.03736676
  0.11644419  -0.02417055   0.14929898

Input Channel 5:
 -0.13092001  -0.06410639   0.06008264
 -0.08187189  -0.20423123   0.05719051
 -0.02342933  -0.11924092  -0.31688526

Input Channel 6:
  0.12414365   0.13078152   0.09104881
  0.08734429  -0.03232711   0.01983011
 -0.09745659  -0.12335235  -0.09560432

Input Channel 7:
 -0.03406497   0.00999231   0.06113718
 -0.01854389  -0.14221680  -0.04310733
  0.11233231   0.11958657   0.08164822

Input Channel 8:
 -0.01611501  -0.02282484   0.07946141
  0.02602264  -0.09781300  -0.09210533
 -0.03225501   0.05300966  -0.14858963

Input Channel 9:
 -0.19935013  -0.11745782   0.08229158
 -0.02343317   0.01646110   0.02798830
  0.18258433   0.04276434  -0.03479169

Input Channel 10:
  0.02665654   0.03600202   0.06919865
 -0.06006419  -0.08619499  -0.15797168
 -0.04184734  -0.00768342   0.06586574

Input Channel 11:
  0.06929597   0.03706735  -0.14222921
  0.04047890   0.08162163  -0.00122966
 -0.10010290  -0.03941778   0.01179614

Input Channel 12:
 -0.15879282  -0.08784050  -0.25874668
  0.13612284   0.02904941  -0.02442631
  0.00865058   0.06844278  -0.04012857

Input Channel 13:
 -0.17027695  -0.10837145  -0.06026043
  0.14734250   0.11324034   0.16864550
 -0.08766188  -0.08473093   0.05602048

Input Channel 14:
 -0.10188507  -0.19999345  -0.23405498
  0.06817520   0.00033099  -0.04878319
 -0.05283014   0.04073828  -0.02950321

Input Channel 15:
  0.08069822  -0.03207972  -0.00460604
 -0.09279341  -0.16092087   0.00087706
 -0.03830052  -0.10441530   0.06385334


=== Output Channel 3 ===
Input Channel 0:
 -0.11605484  -0.11234406  -0.00117676
 -0.06095501  -0.15421535  -0.17207915
 -0.09130964  -0.12515283  -0.06154638

Input Channel 1:
 -0.09662887  -0.10446006  -0.08169640
 -0.09656634  -0.20716287  -0.10157857
 -0.04849246  -0.09480087  -0.14809485

Input Channel 2:
 -0.08947978  -0.12093508   0.05002654
  0.06246497  -0.00792150  -0.04234055
  0.01752502  -0.00476481   0.07543701

Input Channel 3:
 -0.02590681   0.03070645  -0.10906680
 -0.08752893  -0.13221765   0.04945247
  0.04362135   0.05209279  -0.08849984

Input Channel 4:
 -0.03803667   0.17704144   0.05631024
  0.05642682   0.15411623   0.10377850
  0.11397895   0.03499604  -0.01041369

Input Channel 5:
  0.15456493  -0.05991013   0.03777277
  0.16897108  -0.03647569   0.02966585
  0.13792835  -0.08225343  -0.03965065

Input Channel 6:
 -0.15577690   0.06198917  -0.06761622
 -0.11012612  -0.00771104   0.07182468
 -0.16353557   0.04586654   0.05265617

Input Channel 7:
 -0.03107383  -0.12138752  -0.03745602
 -0.01155435   0.00198721   0.05929492
 -0.02016563  -0.05907909  -0.12236957

Input Channel 8:
  0.20499602   0.11077597   0.17850898
  0.08704738   0.13430451   0.20641634
  0.07335227  -0.05213432   0.12287518

Input Channel 9:
  0.14248839  -0.01504765   0.09715673
  0.10050101   0.01032586   0.17940262
  0.02944965   0.13798849   0.17543106

Input Channel 10:
 -0.00982930  -0.05281093   0.06563982
 -0.02674500  -0.07400505  -0.05827367
 -0.01894012  -0.12800217  -0.13189694

Input Channel 11:
 -0.12136766   0.07261189   0.00779011
  0.06510118   0.09505198  -0.06992081
 -0.17036101  -0.03595559   0.18128324

Input Channel 12:
 -0.05226741  -0.02746453  -0.07279608
 -0.06039976  -0.08182875  -0.10246844
 -0.10465465  -0.06900951  -0.09081646

Input Channel 13:
  0.01582994   0.05502276  -0.07457455
  0.01244224  -0.02156116  -0.03921929
  0.04743522  -0.12829173  -0.00148496

Input Channel 14:
  0.14223611  -0.00713328   0.11696969
  0.15200686   0.13672468   0.08427107
 -0.02911290   0.02530686  -0.08394993

Input Channel 15:
 -0.13449398   0.15415518  -0.10972580
 -0.04264868   0.14061369  -0.08293629
 -0.05590924  -0.03592182   0.03415355


=== Output Channel 4 ===
Input Channel 0:
  0.07565433  -0.05869458   0.10244687
  0.02446098  -0.01482534  -0.15850604
 -0.08885449  -0.00987797  -0.00173526

Input Channel 1:
 -0.11335759  -0.03629215   0.04944298
 -0.07017507  -0.05410381  -0.06338958
 -0.12144734  -0.08388218   0.00647576

Input Channel 2:
  0.10637282   0.00570143   0.03247133
  0.05897786   0.01210441  -0.01325564
  0.10621332   0.12469286   0.00759076

Input Channel 3:
 -0.03753215  -0.20125121  -0.11441659
 -0.12734631  -0.12828989  -0.04365119
 -0.21743718  -0.10912738  -0.12578557

Input Channel 4:
  0.00202856   0.01512189  -0.02399121
 -0.05824143   0.07261864   0.00624305
  0.04759871   0.04290805  -0.06150893

Input Channel 5:
 -0.10186717   0.00237064   0.04368990
 -0.00137029  -0.10337363   0.15735514
  0.03754118  -0.08697373   0.13278866

Input Channel 6:
  0.09221604  -0.07310589   0.07024282
 -0.16383472  -0.13117540   0.09507911
 -0.23554958  -0.09896710   0.15808703

Input Channel 7:
 -0.21445970  -0.04639844  -0.08859970
 -0.18974568  -0.17708248  -0.05410817
 -0.16704462  -0.21900699  -0.12840286

Input Channel 8:
  0.01090060  -0.01320500   0.11693515
  0.07719377   0.02870773   0.16525237
  0.04188221   0.03716743   0.09888675

Input Channel 9:
 -0.06571160  -0.03592253   0.16538207
 -0.09962384   0.03226780   0.01589440
  0.08557929  -0.07006407   0.09600186

Input Channel 10:
 -0.08189055  -0.10284241  -0.17571053
 -0.22713293  -0.23547985  -0.11491302
 -0.25699830  -0.29735306  -0.22923511

Input Channel 11:
  0.17817520   0.06665478   0.15844049
  0.12649587   0.07649625   0.15074585
  0.07442611   0.12641522   0.08336540

Input Channel 12:
 -0.00328127   0.11666474   0.02789743
  0.04264777   0.04037008   0.04179067
  0.03161440   0.08834796   0.05426509

Input Channel 13:
  0.06942780   0.10161692   0.08686892
  0.15607996   0.12790991   0.11741070
  0.29212943   0.15421270   0.08512551

Input Channel 14:
  0.15201831   0.08904896   0.05495195
  0.24937445   0.12588969   0.12575516
  0.01909776   0.15133515   0.13462570

Input Channel 15:
 -0.03677790  -0.11419875  -0.11972381
 -0.10100430  -0.02971883  -0.17164147
 -0.17335750  -0.17993730  -0.15718357


=== Output Channel 5 ===
Input Channel 0:
 -0.16736268  -0.09376930  -0.01381600
 -0.25433874  -0.02998505   0.00015242
 -0.00642561   0.04246493   0.09030339

Input Channel 1:
 -0.06604174   0.09099023   0.11245104
 -0.16124004  -0.11516860  -0.07389980
  0.00808933   0.02500234   0.04970943

Input Channel 2:
  0.00647530   0.02931524  -0.06389324
 -0.01854389   0.00109234  -0.01323876
  0.02692909   0.11954298   0.14247496

Input Channel 3:
 -0.10933800   0.03208420  -0.01985731
 -0.09342935   0.01836561  -0.02756511
  0.00802390  -0.09803089   0.05362995

Input Channel 4:
  0.12278746  -0.09401248  -0.04230456
  0.14540024  -0.09601112   0.00041516
  0.01368364  -0.02250432  -0.08948104

Input Channel 5:
  0.05576044   0.10694627  -0.15861157
  0.07801861   0.07674713  -0.03599982
  0.13173474   0.05535242  -0.00327744

Input Channel 6:
  0.09104143  -0.01410431  -0.05425072
 -0.06729302  -0.22774221   0.09458017
  0.05165654   0.05993730   0.11036065

Input Channel 7:
 -0.08361395  -0.03023881   0.02572702
 -0.03232322  -0.05170960  -0.09050825
  0.03458942   0.01211483   0.01485939

Input Channel 8:
  0.11543123   0.16752701  -0.13227481
  0.03612629   0.14984804  -0.10710928
  0.00730202   0.03808967   0.05146211

Input Channel 9:
 -0.10968178  -0.02409167  -0.06934185
  0.12568104   0.14444296   0.00640892
  0.13044207   0.15160002   0.01857418

Input Channel 10:
 -0.01264186  -0.12672985   0.01138930
 -0.14899085  -0.15573764  -0.02414947
 -0.12095767  -0.11568911  -0.08773543

Input Channel 11:
  0.08505365  -0.00133144  -0.17691147
  0.12746708  -0.10815472  -0.02746527
  0.05454327  -0.08496905   0.02875116

Input Channel 12:
 -0.07343226   0.01188146  -0.00999753
 -0.10095424  -0.21379294  -0.23053429
 -0.18701750  -0.07611638  -0.06911086

Input Channel 13:
 -0.05914652  -0.22156477  -0.05045252
 -0.11454628  -0.03895950  -0.20073058
 -0.05438495   0.02020339  -0.09546383

Input Channel 14:
  0.19904786   0.20417427  -0.00142221
  0.08959293   0.03102732  -0.02883093
  0.07522694   0.02212826   0.06203936

Input Channel 15:
  0.07519726   0.02229021  -0.16649801
  0.14410466  -0.07713797  -0.07170200
  0.13576287   0.01448852  -0.07137164


=== Output Channel 6 ===
Input Channel 0:
  0.07750418  -0.17755347   0.17627166
  0.25340086  -0.09542021   0.24003735
  0.19995375  -0.07377733  -0.16938312

Input Channel 1:
 -0.01953380   0.02385197  -0.13547225
 -0.03835211  -0.20562388   0.04979358
 -0.15797907  -0.09986286   0.13977523

Input Channel 2:
  0.01957246  -0.19895281   0.07609112
 -0.01281271  -0.21823657   0.01643495
  0.08923006  -0.16593347  -0.25598672

Input Channel 3:
  0.05480400  -0.00711112   0.07701448
  0.04887746  -0.08120576  -0.02961553
 -0.13349226  -0.03077315  -0.05955266

Input Channel 4:
  0.04959552  -0.16907641  -0.17399327
 -0.26526636  -0.06584169  -0.05645696
 -0.08783999   0.01781458  -0.01387622

Input Channel 5:
 -0.23627527  -0.05209009  -0.08124499
  0.06476363  -0.22019625  -0.10477906
  0.10628318   0.04808040  -0.32272831

Input Channel 6:
 -0.08417301   0.01067583   0.18314143
 -0.29759920  -0.05350488  -0.09496626
  0.01925975  -0.22149631  -0.11593317

Input Channel 7:
  0.05250596   0.04359288   0.08394672
 -0.08433351   0.02589522  -0.06321303
  0.02211276   0.00356578  -0.01237978

Input Channel 8:
 -0.27245837  -0.06078760   0.12152666
 -0.07950831  -0.02780345  -0.24249712
  0.17337123   0.14180419  -0.28100011

Input Channel 9:
 -0.13435173  -0.25404170  -0.21277195
  0.01482575  -0.25773007  -0.15012531
  0.23890202   0.19621894  -0.13499279

Input Channel 10:
  0.04995321   0.00893706   0.11360762
  0.05289833   0.03097389   0.05768825
 -0.06457876   0.05865888   0.08013616

Input Channel 11:
 -0.00817175  -0.01404854   0.11257774
 -0.32083279  -0.04815566   0.11782036
 -0.12798578  -0.12813742  -0.10010026

Input Channel 12:
  0.01745045   0.10905361  -0.03526910
 -0.07980738   0.01961317   0.08727369
 -0.04115000  -0.17879836   0.23362155

Input Channel 13:
 -0.09795468  -0.14924246  -0.01287573
  0.15252765  -0.02602975   0.10682978
  0.24224788  -0.06488540   0.07856606

Input Channel 14:
 -0.18523934   0.04622178  -0.20499021
 -0.00176833  -0.15790986  -0.14760612
 -0.03776082  -0.12461191  -0.03266552

Input Channel 15:
  0.04191027  -0.13847668  -0.04305112
 -0.12569822   0.05879170   0.03984584
 -0.03575269   0.02494264  -0.10222768


=== Output Channel 7 ===
Input Channel 0:
 -0.08458998   0.04816776   0.02395128
 -0.17958978   0.00578980   0.02081149
 -0.15181695   0.00236017   0.05185683

Input Channel 1:
 -0.19875987  -0.11279669   0.00747465
 -0.15330464  -0.32166791   0.00354407
 -0.16390468  -0.04445059   0.11844627

Input Channel 2:
 -0.13405249   0.06703839   0.07054561
 -0.16199963   0.00781494   0.07353230
  0.00979440   0.06353492  -0.02802309

Input Channel 3:
 -0.02956461  -0.22950566  -0.10556050
 -0.14870749  -0.19052348  -0.08754424
 -0.15893774  -0.06375878   0.00125993

Input Channel 4:
  0.15435506  -0.14846751   0.00879759
  0.16236617  -0.17676423  -0.06554615
  0.15802529  -0.08863101  -0.18128845

Input Channel 5:
  0.22615738   0.14431939   0.02415100
  0.02431131   0.16702199   0.09055386
  0.09633939   0.13244835  -0.12958862

Input Channel 6:
 -0.15342668  -0.08461647   0.10040718
 -0.13472681  -0.21211872   0.14905189
 -0.12344345  -0.15039684   0.06488765

Input Channel 7:
 -0.05779401  -0.03398065   0.00975015
 -0.11769480  -0.14789730  -0.07244068
 -0.01462727  -0.08412217  -0.02203075

Input Channel 8:
  0.01538968   0.20591798  -0.10580876
 -0.11369238   0.23046133   0.09473962
  0.04804710   0.13727483   0.00099519

Input Channel 9:
  0.03630643   0.21725142   0.03419810
  0.02858795   0.28570795  -0.00253965
  0.06217723   0.05756683  -0.03972929

Input Channel 10:
 -0.14020589  -0.01726708  -0.04464315
 -0.17551859  -0.06875410  -0.13814834
 -0.05267856  -0.03413170  -0.06884197

Input Channel 11:
 -0.11109380  -0.13801186  -0.09311405
  0.08129600  -0.12044926   0.14678460
 -0.08012398   0.06033131   0.13665377

Input Channel 12:
 -0.02952409  -0.19367863  -0.15416013
 -0.12882856  -0.11924440  -0.08953954
  0.00152297  -0.00373501  -0.02415645

Input Channel 13:
  0.09895536   0.05858800  -0.00471766
 -0.02687304   0.14269415  -0.03606603
  0.11202016   0.08399303  -0.08773710

Input Channel 14:
 -0.03873944   0.09555956   0.09601855
  0.06105159  -0.00436654   0.13651694
  0.01007848   0.03651280   0.10145767

Input Channel 15:
 -0.05501430  -0.11403946  -0.12656586
  0.07673562  -0.16844299   0.04121630
  0.08320525  -0.07227538   0.01767015


=== Output Channel 8 ===
Input Channel 0:
  0.07301786   0.01554833   0.05012772
  0.13035615   0.34020954  -0.00434172
 -0.05868848   0.01498663  -0.21128841

Input Channel 1:
 -0.07309830   0.00688141  -0.06936175
  0.21083057   0.23177750  -0.00638013
 -0.03437852  -0.00044436   0.07228435

Input Channel 2:
  0.16698535   0.17524645   0.14844869
 -0.02334609  -0.13255270   0.02645761
  0.02913876   0.08307923   0.05372221

Input Channel 3:
  0.01782303   0.10561492   0.08088006
 -0.04609578   0.07385626   0.06098707
 -0.06224205  -0.19845866  -0.22901002

Input Channel 4:
 -0.07218260  -0.10203472  -0.01841174
  0.02080820   0.06000327  -0.01733945
 -0.01553387   0.10608093   0.18025294

Input Channel 5:
  0.07071100   0.11327252   0.04447038
 -0.13977820  -0.16471066  -0.11645954
  0.06156217  -0.10257986  -0.00013920

Input Channel 6:
  0.06552741  -0.05256811  -0.09750025
 -0.07144872  -0.28552765  -0.11892726
  0.05203412   0.14099091   0.07442114

Input Channel 7:
  0.06829020   0.06136060   0.07335132
 -0.04539816   0.02056218  -0.06739670
  0.05970866  -0.09492801  -0.03661588

Input Channel 8:
  0.04446916  -0.06239214   0.08051920
 -0.16268565  -0.30686235  -0.13809355
  0.02716398  -0.22227924  -0.04478505

Input Channel 9:
  0.27729756   0.33118072   0.17212243
 -0.00663770   0.12594470   0.06268210
 -0.07407609  -0.00921207  -0.04844515

Input Channel 10:
 -0.04890510  -0.13399108  -0.10809702
 -0.00410482  -0.16181614  -0.17563772
  0.04373031  -0.05943622  -0.05622440

Input Channel 11:
  0.01575052  -0.03032056   0.03976528
 -0.13074990  -0.17481595  -0.00549062
 -0.15413156   0.07553507  -0.03571167

Input Channel 12:
  0.06155567  -0.09113690   0.01460465
  0.01184953   0.01808623  -0.04001439
 -0.09426416  -0.09145711   0.04577878

Input Channel 13:
  0.15524094   0.19018608   0.11995132
  0.15959497   0.23294239   0.19768566
 -0.17798053  -0.06949920  -0.09499390

Input Channel 14:
 -0.04587103  -0.16295697  -0.05688690
 -0.14480662  -0.19373652  -0.14152744
 -0.08237546   0.00101570   0.12438083

Input Channel 15:
 -0.14638251  -0.07229589   0.01717834
 -0.29215461  -0.08302808  -0.05795757
 -0.02702721  -0.04769266   0.05166193


=== Output Channel 9 ===
Input Channel 0:
 -0.27266327  -0.07525644   0.03298903
  0.43791375   0.10563330  -0.18178397
  0.17441979   0.16631918   0.16566917

Input Channel 1:
  0.02129266   0.06987638   0.18496148
 -0.13498469   0.06872163   0.19996633
 -0.15570612  -0.11958349   0.04485457

Input Channel 2:
 -0.32826430  -0.21486929  -0.10919640
  0.00274870  -0.12005962  -0.10893872
  0.04621952   0.04210608  -0.03195002

Input Channel 3:
 -0.00729136  -0.12080530  -0.01571542
 -0.07017644  -0.01614107  -0.05356728
 -0.09831268  -0.04194095   0.02367531

Input Channel 4:
  0.38799238   0.22686782   0.13464411
 -0.14063947   0.07712314   0.12989584
 -0.03929137  -0.07330895  -0.02413333

Input Channel 5:
 -0.08245340   0.12842107  -0.07297063
  0.00889487  -0.14562909  -0.09649283
  0.09304948   0.01683253   0.03649876

Input Channel 6:
 -0.34889317  -0.19322076   0.04031230
  0.16159137  -0.06914213  -0.17766798
 -0.04702929   0.06455412   0.00867860

Input Channel 7:
  0.03790554  -0.11827647  -0.02975268
  0.04650164   0.05198010  -0.07276335
 -0.05651120   0.02829433   0.02170818

Input Channel 8:
 -0.32813382  -0.05298989   0.06492697
 -0.14449251  -0.30910623  -0.21981961
  0.18661875  -0.09697420  -0.11923120

Input Channel 9:
  0.17024179  -0.19612062  -0.13335697
  0.27398285   0.31609252   0.00833276
 -0.05084739   0.04195300  -0.02870177

Input Channel 10:
  0.03916334  -0.01259943  -0.04910620
 -0.04491835  -0.06401855  -0.11286408
 -0.00403335   0.01800927   0.01212939

Input Channel 11:
 -0.16208681   0.05498366   0.11648865
 -0.37602821  -0.17929260   0.01083576
  0.08102234  -0.09736954  -0.00739933

Input Channel 12:
 -0.05116842   0.14198653   0.30911013
 -0.34667823   0.05226763   0.16926664
  0.14035352  -0.02031564   0.04081647

Input Channel 13:
  0.07059521   0.19689308   0.18201429
 -0.02924209  -0.10848822   0.02122321
  0.01307306   0.18358761   0.02717094

Input Channel 14:
 -0.23386791   0.03360541   0.14569317
 -0.27516520  -0.28879222  -0.14756446
  0.02629534  -0.24729757  -0.23564678

Input Channel 15:
  0.24556518   0.11527005   0.07827410
 -0.20067526  -0.07569905   0.10832359
  0.06004505  -0.07352640  -0.08051611


=== Output Channel 10 ===
Input Channel 0:
 -0.12288567   0.17151825   0.21079579
 -0.26363060   0.09307434   0.14054988
 -0.10130358  -0.07327341  -0.07706113

Input Channel 1:
 -0.01639192  -0.15611292  -0.19924416
 -0.12622432  -0.11070076  -0.18629222
 -0.06080148   0.04682476   0.00522045

Input Channel 2:
 -0.23765296   0.12696852   0.05885843
 -0.12175299  -0.04242847  -0.06074101
 -0.16960447  -0.00903212  -0.05297994

Input Channel 3:
 -0.02113012  -0.09771276  -0.09678046
  0.03427324  -0.07552642   0.04483151
 -0.01791686  -0.03267673  -0.10235722

Input Channel 4:
 -0.18088672  -0.01033931  -0.08768763
  0.08730336   0.04539924  -0.08265498
  0.06007254   0.16429521  -0.12808967

Input Channel 5:
 -0.06669403  -0.17587698   0.02006066
  0.07506216  -0.05574215  -0.01499800
 -0.12338440  -0.12809673  -0.02952956

Input Channel 6:
  0.07647499   0.19894767   0.06170912
  0.03753000   0.14660533   0.00534984
  0.06889999   0.04344689  -0.16429189

Input Channel 7:
  0.03384847   0.01553079   0.06187099
 -0.10233922  -0.08960599  -0.01659269
 -0.06270283  -0.18911184  -0.01764902

Input Channel 8:
  0.14383918  -0.11479028  -0.15667775
  0.21277054  -0.15063250  -0.01613031
 -0.06261541  -0.23814477  -0.04108719

Input Channel 9:
 -0.31028175  -0.14668860  -0.08754750
 -0.06942930  -0.01202741  -0.05605287
  0.15492356  -0.15111651  -0.04547618

Input Channel 10:
  0.05082592   0.09877928   0.01089408
  0.04536839  -0.05686542  -0.05406556
  0.08194378   0.01955882  -0.12418592

Input Channel 11:
 -0.12838989  -0.00903193   0.05563223
  0.06009721   0.01859713  -0.05698070
  0.05114397   0.11326074  -0.13474096

Input Channel 12:
 -0.08104654  -0.13449423   0.10184336
 -0.16055875   0.09544550   0.14584626
 -0.20151643   0.14089815   0.12804191

Input Channel 13:
 -0.22912419  -0.16782898   0.10088103
 -0.19499549   0.06734905   0.15940577
 -0.22373663   0.12909552   0.09023505

Input Channel 14:
  0.14900589  -0.17135650  -0.09748443
 -0.09986546  -0.03408089  -0.09893773
 -0.13716251  -0.04594307   0.13161761

Input Channel 15:
  0.00761349  -0.01777945   0.00101824
  0.05661106   0.08249451  -0.16228841
  0.11017688   0.02206558  -0.08076546


=== Output Channel 11 ===
Input Channel 0:
  0.02287639  -0.10834515   0.02476294
 -0.04756571   0.00954086  -0.21181938
  0.17652905   0.31778660   0.20433594

Input Channel 1:
 -0.21302451  -0.03924153   0.05952846
  0.19872174   0.14205356   0.26253277
 -0.01730491   0.06275087  -0.23928533

Input Channel 2:
  0.14876249   0.25851178   0.16996033
 -0.12769727   0.00996087   0.02476154
 -0.13985698   0.05922211   0.16912022

Input Channel 3:
  0.07291611   0.03823913  -0.04679632
  0.00294935   0.09802312  -0.01641404
  0.02415252   0.03332518  -0.07954488

Input Channel 4:
  0.07769669  -0.01539985  -0.05903362
  0.02495620  -0.06248011  -0.09383988
 -0.01769859   0.03981390  -0.04255600

Input Channel 5:
 -0.02629697  -0.07964856  -0.18007338
 -0.16635185  -0.10063421  -0.21293075
 -0.20146821  -0.18041775  -0.06155451

Input Channel 6:
  0.06741845   0.07879073   0.12285553
 -0.00768053   0.11711132   0.11630212
 -0.01983172   0.05058640   0.15252987

Input Channel 7:
  0.05564319  -0.00975250  -0.02819652
  0.00405524   0.05885732   0.06581365
  0.04996160  -0.06068707  -0.10839337

Input Channel 8:
  0.01755127   0.02325349   0.07091133
 -0.13779174   0.04747557   0.03822704
 -0.15234146  -0.15090947  -0.19112924

Input Channel 9:
  0.15860482  -0.03382089  -0.07878569
 -0.01538797  -0.07972150  -0.05265050
 -0.01166191  -0.36177397  -0.14389826

Input Channel 10:
  0.05184109  -0.05376772  -0.09412940
 -0.09946453  -0.07597061  -0.04881154
  0.07713459   0.05566904  -0.11737645

Input Channel 11:
  0.07874857   0.18281896   0.15677869
 -0.08858105   0.01261943  -0.13498814
 -0.15557931   0.07539940   0.09349127

Input Channel 12:
 -0.01862945   0.09351651   0.08572627
 -0.02269331   0.09597822   0.04835323
 -0.29190469  -0.14220014  -0.25687245

Input Channel 13:
  0.07758576  -0.01652333  -0.02219792
  0.05156082  -0.00818102  -0.14115387
 -0.34143689  -0.08057128  -0.18848754

Input Channel 14:
  0.07052379   0.04334034   0.06353737
 -0.00790185   0.08895041   0.14876193
 -0.29459006  -0.12573969  -0.11378704

Input Channel 15:
 -0.01054713   0.01241702  -0.07084431
 -0.01548313   0.00049709  -0.14505640
 -0.04419817  -0.03925866  -0.01312008


=== Output Channel 12 ===
Input Channel 0:
  0.10583765  -0.08146216  -0.01383189
  0.07843553  -0.11472682  -0.07519412
  0.03278161  -0.14450684  -0.18438572

Input Channel 1:
  0.14914058  -0.02636246  -0.15099810
  0.02272103  -0.09685175  -0.19660190
  0.17346747  -0.06725650  -0.15507290

Input Channel 2:
  0.13068396  -0.08061900  -0.00270689
  0.04605784  -0.13371062  -0.06326039
  0.01589598  -0.14127165   0.04924941

Input Channel 3:
  0.08461599  -0.07632929  -0.06553353
  0.04697623  -0.01009886   0.02179271
 -0.01623794  -0.04669688   0.00395184

Input Channel 4:
 -0.06608930   0.14638591   0.22450650
 -0.08990119   0.18952490   0.11748820
 -0.12100855   0.31315604   0.30479592

Input Channel 5:
 -0.17357752  -0.35269514  -0.00906351
  0.00732119  -0.23610477   0.04137404
  0.07962494  -0.21894065   0.27245420

Input Channel 6:
  0.05186147   0.00525295  -0.00267202
 -0.08917627   0.03857579  -0.19327664
 -0.06539922   0.00021439  -0.14549404

Input Channel 7:
  0.01249610  -0.04883512  -0.07512145
 -0.01753192  -0.12056580  -0.05040718
  0.06543970  -0.03524096  -0.10848826

Input Channel 8:
 -0.05708976  -0.09883235   0.10208683
  0.00100198  -0.16567321   0.14270647
 -0.05220794  -0.10979966   0.10425015

Input Channel 9:
 -0.09596360  -0.21210590   0.00026523
 -0.08285613  -0.12356133   0.08389010
  0.22056665   0.16281796   0.15379822

Input Channel 10:
 -0.05443576  -0.04748975  -0.03419974
  0.05256236   0.02649162  -0.04632054
 -0.03831830  -0.02154217  -0.08082558

Input Channel 11:
 -0.02785064   0.00829834   0.04214282
 -0.12654738   0.09763294   0.01796637
 -0.21004967  -0.02817265   0.12114388

Input Channel 12:
 -0.11597219   0.10167560   0.12486707
 -0.03445585  -0.02379443   0.09736675
 -0.16604283  -0.14797387   0.01649347

Input Channel 13:
 -0.20436881  -0.03722462  -0.00514163
 -0.17348625  -0.00758192   0.14087094
 -0.06178868   0.04284986   0.18041055

Input Channel 14:
  0.11268444  -0.07714385   0.03697196
  0.10965250   0.01593248   0.01228052
 -0.10591154  -0.12160566   0.03938893

Input Channel 15:
 -0.08122912   0.00820505   0.03779530
 -0.01834706   0.12430207   0.06958409
 -0.08776300   0.11576968   0.16484019


=== Output Channel 13 ===
Input Channel 0:
  0.35240114   0.00274387  -0.16519347
  0.02935100  -0.12043163  -0.21599385
 -0.05943015  -0.05828813  -0.35610658

Input Channel 1:
  0.16649123  -0.02610414  -0.13507465
  0.11007350  -0.16554335  -0.11144441
  0.02942054  -0.13755363   0.04059138

Input Channel 2:
  0.14540476   0.03586407  -0.06350623
  0.04490194  -0.04772680  -0.09520969
  0.04132068   0.02171984  -0.00966168

Input Channel 3:
  0.01617421  -0.09877541  -0.25688183
 -0.05448894  -0.15831354   0.03666673
  0.01850099  -0.08748771   0.04679670

Input Channel 4:
 -0.09293517   0.07509821   0.15097517
 -0.04233543   0.00551488   0.03441804
  0.06111602   0.07871594   0.06624418

Input Channel 5:
  0.10941412  -0.13551739  -0.18333876
 -0.08111908  -0.34327787  -0.04527112
 -0.23756059  -0.21165042   0.10544813

Input Channel 6:
  0.11824685  -0.03266308  -0.08490130
  0.08493109   0.03240217  -0.06019151
  0.18907258  -0.06890094  -0.15924330

Input Channel 7:
 -0.06591343  -0.17515022  -0.12715855
  0.04578346  -0.10380796  -0.20206307
 -0.09483930  -0.14279169   0.00903593

Input Channel 8:
 -0.04498624  -0.03072286   0.01459479
 -0.03648088  -0.22939488  -0.00189896
  0.03744335  -0.14562587   0.13310599

Input Channel 9:
  0.06453996  -0.07814839  -0.30088410
 -0.12484341  -0.18949924  -0.26800430
 -0.13926972  -0.15657552   0.05587002

Input Channel 10:
  0.02036479  -0.03494117  -0.15630768
 -0.04706875  -0.01827731  -0.06093676
  0.06328543  -0.10120148  -0.05959505

Input Channel 11:
 -0.06235817   0.05503291   0.20491196
  0.01220304   0.09845372   0.14791231
  0.11547216   0.09866777   0.05340798

Input Channel 12:
  0.04364047   0.03755440   0.07652244
 -0.00708491   0.00949907   0.15005358
 -0.12583476  -0.00566608  -0.03087055

Input Channel 13:
  0.12629798  -0.03130687   0.07974719
 -0.12052695  -0.03148801  -0.00033172
 -0.15980831   0.02051995   0.08191898

Input Channel 14:
  0.11050500  -0.07655524   0.11370632
  0.04916681  -0.00925344   0.27129549
 -0.15037030   0.22764800   0.04758065

Input Channel 15:
 -0.04244141   0.04962917   0.05913456
  0.04071837   0.11066452  -0.00950485
  0.12666145   0.07285258  -0.11074558


=== Output Channel 14 ===
Input Channel 0:
 -0.15649883  -0.21592571  -0.16794783
 -0.31228930  -0.41948950  -0.32337013
  0.02282777  -0.11433708   0.00691368

Input Channel 1:
 -0.00098685  -0.06500525  -0.11056453
  0.07920792   0.01691935  -0.05779120
  0.13747852   0.02545063   0.10593873

Input Channel 2:
 -0.10336572  -0.24454135  -0.10289864
 -0.34448642  -0.35459241  -0.14423090
 -0.02305068  -0.11832459  -0.11469425

Input Channel 3:
  0.09178033   0.06103468  -0.02850894
  0.02255551  -0.07281475  -0.01501176
  0.02893106   0.04989370  -0.03333899

Input Channel 4:
  0.03917269   0.08161962   0.01024167
 -0.02960094  -0.13906448   0.01176786
 -0.05580692  -0.13130310  -0.02013392

Input Channel 5:
 -0.02785399  -0.07437272  -0.02557820
 -0.06103589   0.09719083  -0.20874822
 -0.12257557  -0.15473360  -0.17580836

Input Channel 6:
 -0.08455601  -0.32565409  -0.23768918
 -0.12182221  -0.21764813  -0.08932426
  0.03232897  -0.03287885  -0.11125325

Input Channel 7:
 -0.03723026  -0.05021110  -0.01463007
  0.06155730   0.06395594  -0.06649639
  0.09382135   0.03307472   0.04090346

Input Channel 8:
 -0.09016974   0.13188168   0.07800663
 -0.13464007  -0.01906999  -0.06280933
 -0.13421039  -0.15555164  -0.16018464

Input Channel 9:
 -0.12471236  -0.05189297  -0.30856794
 -0.29788759  -0.08382273  -0.38321504
 -0.05534815  -0.09804451   0.03709454

Input Channel 10:
 -0.02593343   0.10402029   0.11017895
  0.03985206   0.06160318   0.06828245
  0.09300682  -0.02819215   0.04468698

Input Channel 11:
  0.02692091  -0.11759882  -0.02215380
  0.06687821  -0.05264795   0.05975121
 -0.10794191  -0.06079142   0.07225477

Input Channel 12:
  0.23177251   0.20977463   0.17258076
  0.19462183   0.09521013   0.21852261
  0.11659229  -0.06442286   0.05210664

Input Channel 13:
  0.16135272   0.11021484   0.09158645
  0.14258197   0.03407930  -0.06067706
 -0.13894129  -0.22950955   0.05702795

Input Channel 14:
  0.08456898   0.08591469  -0.14310193
  0.03857900  -0.03947287  -0.02704492
 -0.03670518  -0.13756736  -0.20481388

Input Channel 15:
 -0.05104587   0.01779440  -0.04555753
  0.09546586  -0.01737983   0.03990075
  0.04361867  -0.03621482   0.07158476


=== Output Channel 15 ===
Input Channel 0:
  0.04556519  -0.05784188  -0.01631894
 -0.10322265  -0.02765030  -0.00266637
 -0.04039900   0.06807831  -0.02735236

Input Channel 1:
 -0.02139069   0.05782931  -0.07214307
 -0.09577418  -0.02719150  -0.07358398
 -0.01094710  -0.06508918  -0.02101563

Input Channel 2:
 -0.01824661   0.02032045   0.00261112
 -0.00615782   0.05825297  -0.02687124
 -0.09445764  -0.05963086   0.07083218

Input Channel 3:
 -0.09722181   0.02224135  -0.03880493
  0.03824919   0.03085818   0.06725361
 -0.08400584  -0.03626188   0.00565751

Input Channel 4:
 -0.10261094  -0.07566576  -0.10755329
  0.01981825   0.02126771   0.02614981
 -0.04264931  -0.10233393  -0.08870997

Input Channel 5:
 -0.09816725  -0.04692566  -0.04521597
 -0.06991410  -0.11396780  -0.05584853
  0.04935416  -0.00469570  -0.05594204

Input Channel 6:
 -0.10163454  -0.07925213  -0.06418367
  0.07416087  -0.10632703  -0.03486059
 -0.09293838   0.07241935  -0.00848832

Input Channel 7:
 -0.04045054  -0.02511696  -0.07269268
  0.04703240  -0.00564165  -0.04959185
 -0.08040270  -0.07083428  -0.10094112

Input Channel 8:
  0.03063807  -0.03599424  -0.02125510
  0.03562285  -0.00445074  -0.01627639
  0.04142666   0.09555015   0.06175249

Input Channel 9:
 -0.06099655  -0.08527220  -0.06977215
  0.03090638   0.02342901  -0.08593820
 -0.07488936  -0.05650335  -0.01627066

Input Channel 10:
 -0.11599876  -0.03205708  -0.01769267
 -0.11486750  -0.07440517  -0.01177136
 -0.00273361  -0.06833924  -0.09019091

Input Channel 11:
 -0.02502642   0.02111501  -0.11897032
 -0.02227714  -0.03023581  -0.11642871
 -0.02202544  -0.01419805   0.01627783

Input Channel 12:
 -0.02941765  -0.06484141  -0.07011297
  0.03376325   0.02577440  -0.00626405
  0.03226396  -0.01070516  -0.07960553

Input Channel 13:
  0.01504719  -0.12353622   0.00333814
 -0.04472222   0.01733082  -0.02324758
  0.05198886  -0.04363517  -0.07953556

Input Channel 14:
  0.04089522  -0.10689645  -0.09851638
 -0.05173535  -0.03465530  -0.03269744
 -0.00460667  -0.03093084  -0.08585621

Input Channel 15:
 -0.08670969   0.02137900  -0.06084857
  0.04994621   0.01389002  -0.01732524
  0.07583082   0.01959025   0.02945865


=== Output Channel 16 ===
Input Channel 0:
 -0.06756295  -0.09306584  -0.00524231
 -0.10841621  -0.14144050  -0.10346832
  0.08022371   0.09590058  -0.11968093

Input Channel 1:
 -0.18066473  -0.21724440  -0.11677165
 -0.16892958  -0.14772774  -0.13765822
  0.12031972   0.22719443   0.35961229

Input Channel 2:
  0.05616057  -0.00308504   0.00772499
  0.03192475   0.09709758   0.20074795
 -0.18110636   0.01352303  -0.02993909

Input Channel 3:
  0.02266660  -0.05743406  -0.10416060
  0.02507600  -0.03731659  -0.01537858
  0.02021399   0.00355949   0.01233811

Input Channel 4:
  0.11594985  -0.02592603   0.03213616
  0.06573220  -0.06522571  -0.13429783
 -0.09815886  -0.08096258  -0.08309954

Input Channel 5:
  0.00358673   0.02939340   0.01620618
  0.03090026  -0.01202161  -0.10099538
  0.09838534  -0.19419995  -0.24982168

Input Channel 6:
  0.01232804  -0.08398785  -0.06154285
 -0.10189003   0.03732511   0.21809378
 -0.12560940  -0.14329310  -0.09922395

Input Channel 7:
 -0.05909023  -0.00346110   0.00815155
 -0.00758276  -0.03954651   0.01398967
  0.08578318   0.03263836   0.15306349

Input Channel 8:
  0.06658221   0.06235288   0.00791768
 -0.05044352   0.00380674  -0.06208061
 -0.14079316  -0.07424922  -0.07374284

Input Channel 9:
  0.01337924  -0.05597265  -0.08467826
  0.11390555   0.18700887  -0.07486463
  0.11787789  -0.03518284  -0.22909600

Input Channel 10:
 -0.01963443  -0.03854236  -0.01247302
 -0.10767933  -0.13860376  -0.01377106
 -0.05371105   0.01163494   0.01184437

Input Channel 11:
  0.14978455   0.17450118   0.15917909
 -0.00555459   0.00983222   0.12026611
 -0.04136341  -0.03235872   0.05223988

Input Channel 12:
 -0.15702888  -0.05066443   0.04543198
 -0.14571747  -0.04210132   0.12495306
  0.03085207   0.11203649   0.02162721

Input Channel 13:
 -0.04917048   0.06006380   0.19358803
 -0.00318969   0.12794079  -0.08504762
  0.11854798   0.05217528  -0.18435587

Input Channel 14:
  0.19377492   0.13218689   0.17034775
  0.04205579  -0.03667997   0.09846652
 -0.07219098   0.05498094   0.18798997

Input Channel 15:
  0.04835800  -0.01291732  -0.00553124
  0.09978352  -0.13320841  -0.05874224
 -0.15856045  -0.27089983  -0.13871959


=== Output Channel 17 ===
Input Channel 0:
 -0.01941524  -0.10052070  -0.04162533
  0.12605441   0.14769372   0.04423435
  0.17889602   0.13687116  -0.08719385

Input Channel 1:
  0.00551744  -0.00898289  -0.03303704
  0.01529329  -0.14583251  -0.03563735
  0.18962722   0.22535162   0.10442243

Input Channel 2:
  0.01245839  -0.12367603  -0.05492634
  0.07318643   0.21211614   0.27247089
 -0.03211496   0.03069534   0.03436434

Input Channel 3:
  0.07417944  -0.06190675  -0.03088192
  0.04114801  -0.13005744  -0.06261239
 -0.11459718   0.14561962   0.07556678

Input Channel 4:
  0.00740525   0.01486408   0.13128939
 -0.03639551  -0.03747809  -0.01467230
 -0.06576641   0.00950867  -0.08511256

Input Channel 5:
  0.04275692   0.10962626   0.11717253
  0.12106815   0.15350719  -0.07004124
 -0.05014070  -0.20673692  -0.18162741

Input Channel 6:
 -0.12248978  -0.24062957  -0.10930184
  0.00644255   0.07651663   0.11552912
 -0.04072352  -0.07437129   0.08011607

Input Channel 7:
 -0.10892235  -0.10381113  -0.11004303
  0.01730032  -0.06524817  -0.02478926
 -0.00775594   0.04655616   0.12860534

Input Channel 8:
  0.03392648  -0.02966063  -0.00803475
  0.01485203   0.07326037   0.04794747
 -0.10147166  -0.27360401  -0.04719195

Input Channel 9:
 -0.04308585   0.02647592   0.07806085
  0.19769807   0.13327479   0.02249394
  0.19364522  -0.13488907  -0.15070690

Input Channel 10:
  0.00959333  -0.09012623  -0.24260721
 -0.10237224  -0.16393109  -0.14754768
  0.02275999  -0.08538836  -0.09058637

Input Channel 11:
  0.10050925   0.01230298  -0.14540923
 -0.07133445   0.09529372   0.23575966
 -0.00184330  -0.02455710  -0.00989813

Input Channel 12:
 -0.18008010  -0.14285825  -0.20879480
 -0.11864596  -0.19021907  -0.13748325
 -0.05278590  -0.14058520  -0.05521318

Input Channel 13:
 -0.14078707  -0.05533791   0.14712422
  0.01653080   0.11172271  -0.12387340
  0.10141943   0.02673177  -0.14233334

Input Channel 14:
  0.13662924   0.11033244  -0.05339321
 -0.03351507  -0.07357343   0.12594202
  0.03069120   0.04698538   0.13633728

Input Channel 15:
  0.11222456   0.06233770  -0.01622832
  0.04157021  -0.07048754   0.05364943
 -0.08480816  -0.21580635   0.05540829


=== Output Channel 18 ===
Input Channel 0:
 -0.00393013   0.08642349   0.06407286
 -0.03789542  -0.02723359  -0.25086781
 -0.13187343  -0.28071794  -0.03768460

Input Channel 1:
  0.19939572   0.09629790  -0.04843029
 -0.05845691  -0.14814739   0.06503980
 -0.26942816  -0.10728858   0.00382270

Input Channel 2:
  0.03521444   0.25779015   0.05232624
  0.24460655   0.17257391  -0.04518129
 -0.01627654   0.05020904   0.03324852

Input Channel 3:
 -0.12743351  -0.06636560  -0.03129401
 -0.14681581  -0.09745575  -0.12255651
 -0.11613475  -0.04511790  -0.04131538

Input Channel 4:
 -0.08716226  -0.04358718   0.01892744
 -0.00916367  -0.09937863   0.01374292
 -0.12559597  -0.14223450  -0.05341653

Input Channel 5:
 -0.03950881  -0.15849735  -0.10046602
 -0.12811117  -0.15517581  -0.06456818
  0.08541261  -0.12518486  -0.01715217

Input Channel 6:
  0.04968198   0.20716724   0.04925517
  0.17746758   0.10897965  -0.01710438
 -0.10611748  -0.23647457  -0.09385650

Input Channel 7:
 -0.03900164   0.03390146  -0.08452569
 -0.02081374  -0.07350890  -0.13107041
 -0.25227645  -0.15400866  -0.01903365

Input Channel 8:
  0.03403725  -0.01762795   0.04400828
  0.08008616  -0.06058832   0.06396934
  0.02037505   0.10889500   0.09095868

Input Channel 9:
 -0.01702179  -0.20436591  -0.20093547
 -0.13867782  -0.22544974  -0.07769395
  0.01189185  -0.15216415  -0.02462157

Input Channel 10:
  0.05541194  -0.00596913   0.00885585
 -0.03373077  -0.15460989  -0.08484197
 -0.26736709  -0.16381402  -0.05189325

Input Channel 11:
 -0.01332975   0.10586204   0.14859784
  0.20572856   0.24741545   0.17894767
  0.05204285   0.10043995  -0.07985904

Input Channel 12:
 -0.17420313  -0.10899944   0.03610711
 -0.05426339   0.04545906   0.07844654
  0.07724658  -0.00899016  -0.11297414

Input Channel 13:
 -0.11037384  -0.06147949   0.04771215
 -0.04886726   0.07804247   0.01131072
  0.07866350   0.00263157  -0.00490102

Input Channel 14:
 -0.05206585  -0.03463176   0.18641743
  0.16080719   0.36033994   0.26335442
  0.10130286   0.11659007   0.06827735

Input Channel 15:
  0.02898252   0.00546564   0.07363459
 -0.03369616   0.09135118   0.00301342
 -0.10128680  -0.11801810  -0.03603586


=== Output Channel 19 ===
Input Channel 0:
  0.10349110  -0.24837472  -0.16441309
 -0.17413020  -0.11211027   0.36030579
 -0.34887186  -0.13682009   0.02709755

Input Channel 1:
 -0.05212963  -0.02303346   0.08584058
 -0.03901043  -0.10735083  -0.01430310
 -0.01757319  -0.16553532   0.06570923

Input Channel 2:
 -0.06750927  -0.44071171  -0.01046652
 -0.21186133  -0.03240693   0.14633347
 -0.33090541  -0.08674604  -0.01314554

Input Channel 3:
  0.06162852  -0.04100205   0.00411785
  0.01377543   0.02891089  -0.02730515
  0.05765336  -0.02198836   0.02776517

Input Channel 4:
  0.00277737  -0.13262777  -0.07791255
 -0.18376337  -0.10492650  -0.00647674
 -0.17861603   0.07200208  -0.02846552

Input Channel 5:
  0.16956492  -0.13019463  -0.14541170
  0.03367535  -0.08590642  -0.04233116
  0.06352866  -0.08252928   0.20166034

Input Channel 6:
 -0.22895846  -0.17074728   0.10846213
 -0.07979063   0.07169566   0.07495435
 -0.17397965   0.01765633  -0.12425985

Input Channel 7:
  0.05475995   0.01992596  -0.03846189
  0.03013794   0.05532498   0.01332110
  0.04151877  -0.01295718  -0.00373221

Input Channel 8:
 -0.02286673  -0.00505259  -0.21204668
 -0.07383915   0.06883841  -0.08196211
 -0.06951699  -0.04897754  -0.04143359

Input Channel 9:
  0.16806573  -0.00389431  -0.15585908
 -0.13009134  -0.18968064   0.11170695
 -0.21996911  -0.13586228  -0.05238385

Input Channel 10:
  0.07601999   0.09506215  -0.00118707
 -0.04329193   0.11356346   0.06157835
  0.07244628  -0.06705763  -0.06258213

Input Channel 11:
 -0.19254120  -0.19083627  -0.10829777
 -0.13844238   0.02904937   0.00671770
 -0.19401011   0.06656932   0.10701760

Input Channel 12:
 -0.05225862   0.04641045   0.11941542
  0.13135397  -0.12011120   0.01789286
 -0.05126357   0.04207824   0.30048612

Input Channel 13:
  0.17801517  -0.06155392  -0.04783120
 -0.07965568  -0.31448075   0.04578620
 -0.18399622  -0.08345544   0.20304811

Input Channel 14:
 -0.08096453  -0.01111940  -0.06665534
  0.15899512  -0.22002739  -0.09786128
 -0.00453026  -0.11401624   0.00912634

Input Channel 15:
  0.09045035  -0.08579659  -0.09134864
  0.04250173   0.04175767   0.06661987
  0.03520187   0.16303767   0.02098984


=== Output Channel 20 ===
Input Channel 0:
 -0.11020511   0.05496652  -0.06762572
 -0.04389989  -0.02940448   0.08966903
  0.12907451   0.22726834   0.17515215

Input Channel 1:
  0.08900084  -0.11987201   0.01599065
  0.00858951   0.10077146   0.16461055
 -0.08268399  -0.01765727  -0.01508484

Input Channel 2:
 -0.05399714  -0.04244115   0.16031550
 -0.06555804  -0.06238301   0.08075348
  0.11715798   0.18564996   0.16759221

Input Channel 3:
  0.00547281   0.06627130   0.02441170
 -0.01916683  -0.02672876  -0.04577388
  0.07534793   0.08275060  -0.03721080

Input Channel 4:
  0.16604349   0.18070501   0.04693609
 -0.08532229   0.05315721   0.03448488
 -0.14485383  -0.03044167  -0.10683916

Input Channel 5:
  0.02207206   0.23525713   0.02335648
  0.09321435  -0.06115178  -0.10067037
  0.20626657  -0.13707963  -0.05996555

Input Channel 6:
  0.05061759  -0.05202279   0.08131881
  0.04548247   0.05472658   0.07237354
 -0.04690282   0.04478647   0.18568008

Input Channel 7:
 -0.00300283   0.05097424  -0.04261509
  0.05709415   0.02226134  -0.08751105
 -0.06092038  -0.05282995  -0.05574472

Input Channel 8:
 -0.05719453   0.06908695   0.12982357
  0.12149909  -0.20974988  -0.01230476
 -0.01188173  -0.07570568  -0.05711401

Input Channel 9:
 -0.18337214   0.22664416   0.06119405
  0.18544285   0.18061018   0.05227881
 -0.04033424  -0.06788525  -0.13815081

Input Channel 10:
 -0.04592469  -0.07489729  -0.12283137
 -0.00576726  -0.11186506  -0.19968419
 -0.11159438  -0.07324953   0.00994272

Input Channel 11:
  0.08189314  -0.02011345   0.07669428
 -0.17959683  -0.16324674   0.01419506
 -0.11089145  -0.00029947   0.05941163

Input Channel 12:
 -0.00998384  -0.10767344  -0.08016100
  0.00208885   0.00315540  -0.02798639
 -0.13492028  -0.09304713  -0.04084441

Input Channel 13:
  0.04994758   0.15170333  -0.03493172
 -0.11585030  -0.04533362  -0.06382043
  0.22023247  -0.06210632  -0.12878367

Input Channel 14:
  0.00753198   0.01913408  -0.01298441
 -0.09901006  -0.07391252   0.02559035
 -0.06581409  -0.03890797   0.06269802

Input Channel 15:
  0.15215228   0.07553526   0.07025836
 -0.02194618   0.03554450  -0.12576790
 -0.05827766  -0.03096453  -0.02874034


=== Output Channel 21 ===
Input Channel 0:
  0.04658015   0.03920989  -0.03311092
  0.15085545   0.13955210  -0.06961578
  0.09193338  -0.04157647  -0.25533336

Input Channel 1:
 -0.01211646   0.01758212  -0.04539737
  0.07904125   0.02715581   0.06817678
  0.09998640   0.21803701   0.11002649

Input Channel 2:
  0.05041902   0.16024633   0.09600555
 -0.05099738   0.04404224  -0.07729129
 -0.12573887  -0.18397427  -0.05750540

Input Channel 3:
 -0.06025000   0.05552410   0.03889842
  0.01358390   0.05753098  -0.05770011
 -0.00296214   0.01686091  -0.03166576

Input Channel 4:
 -0.05434106   0.02648535   0.10817853
 -0.06886452  -0.12508519  -0.10958348
 -0.13164887  -0.19153400  -0.25053021

Input Channel 5:
 -0.11773498  -0.02006727  -0.00886745
 -0.05899703  -0.04582780  -0.09692167
  0.00786879  -0.29408306  -0.10225248

Input Channel 6:
  0.08953115   0.17263266   0.08753030
  0.09795431   0.18196593  -0.14028163
 -0.26392579  -0.16226052   0.10708454

Input Channel 7:
 -0.04125422  -0.01633121   0.08289257
  0.00538989  -0.08598691   0.07793649
  0.02740215   0.03230349  -0.02861496

Input Channel 8:
  0.03075740   0.04814420   0.14092790
  0.05677633  -0.04753975   0.18821342
 -0.10122631  -0.10656665  -0.11995430

Input Channel 9:
  0.00568018   0.04111259  -0.00246714
  0.03554401  -0.09287200  -0.07433716
  0.23640811  -0.06852545  -0.20830849

Input Channel 10:
 -0.03949817   0.02021846   0.03110445
 -0.12642889  -0.05190729  -0.05349601
  0.00721456  -0.00986106   0.00769642

Input Channel 11:
  0.10331057   0.18856227   0.22227208
  0.07762102   0.16468270   0.07852563
 -0.36158249  -0.35141122  -0.17815322

Input Channel 12:
  0.15965222   0.17385980   0.12583011
  0.07850545   0.08676086   0.08182500
 -0.10199906   0.11604868  -0.12064819

Input Channel 13:
  0.06291034   0.09091737   0.00633483
  0.09000660   0.04485597  -0.03203547
 -0.03946175  -0.14471945  -0.19762799

Input Channel 14:
  0.01527266   0.11489514   0.08858351
 -0.00943587   0.04066333   0.09500563
 -0.20288475  -0.04249660  -0.04934320

Input Channel 15:
 -0.16122073  -0.14195393   0.01106476
 -0.16598661  -0.04757314  -0.09366256
 -0.17782401  -0.20797376  -0.06080992


=== Output Channel 22 ===
Input Channel 0:
  0.32036182   0.15434755  -0.12393878
  0.15235734   0.13572779   0.18390349
 -0.03502328  -0.04072857  -0.00126735

Input Channel 1:
 -0.08443113   0.01682777  -0.00189156
 -0.01458145  -0.04506079  -0.18491469
  0.16856013   0.04559997  -0.11318137

Input Channel 2:
  0.06386179  -0.00615508  -0.06506206
  0.14002739   0.08036299   0.01415616
  0.07262593   0.06395353   0.03453449

Input Channel 3:
  0.01396540   0.00959836   0.02179300
 -0.01336557  -0.06981426   0.01166461
 -0.05464086  -0.20417921  -0.00999076

Input Channel 4:
 -0.27464473  -0.18577741   0.08264124
 -0.10197308  -0.10679301   0.05305738
 -0.05185338   0.09807222   0.20828538

Input Channel 5:
 -0.08511704  -0.06932448  -0.04494681
 -0.00502527   0.04455528   0.23103580
 -0.06309573  -0.00409221  -0.01434989

Input Channel 6:
  0.19051696   0.12750307  -0.02721264
  0.13025318  -0.02966391   0.02181907
 -0.01770250  -0.13674012  -0.13699993

Input Channel 7:
  0.00056475   0.03103532   0.04693702
 -0.02915614  -0.05535455  -0.10544446
  0.00787498   0.07305133  -0.09745142

Input Channel 8:
 -0.11298865  -0.09634866  -0.08481797
 -0.02394046   0.00630063   0.03449327
  0.02717609   0.02690513   0.09857626

Input Channel 9:
 -0.02760413   0.09140539   0.10383177
  0.07094249   0.15596181   0.17519525
  0.05197354   0.10279930   0.11452191

Input Channel 10:
  0.07924322  -0.02377595  -0.02214448
 -0.15733768  -0.05426889   0.03151357
  0.01620633  -0.05802597  -0.06983205

Input Channel 11:
  0.00493576  -0.11701100  -0.05447456
  0.06882796   0.00107372   0.01755167
  0.09882293  -0.07550870  -0.01960864

Input Channel 12:
 -0.17618260  -0.03723295   0.01022234
  0.11912730   0.09084670  -0.10223895
  0.07494895   0.04365092   0.06023235

Input Channel 13:
 -0.16666305  -0.11942347  -0.09901980
  0.01411902   0.22755863   0.23004761
  0.00414737   0.08446326   0.19930698

Input Channel 14:
 -0.02477756  -0.21266466  -0.28059050
  0.00352464  -0.24533007  -0.20990385
 -0.08591869  -0.02341232  -0.22340228

Input Channel 15:
 -0.03125912  -0.13061146   0.10158113
 -0.23176730  -0.17179310  -0.06954110
 -0.03479656  -0.09484316  -0.01795036


=== Output Channel 23 ===
Input Channel 0:
  0.14231282   0.12900181  -0.03796565
  0.10883935   0.08516375  -0.01972537
  0.09146213   0.07762627   0.19210412

Input Channel 1:
 -0.02166355   0.09456029  -0.06144127
 -0.11230020  -0.15231895  -0.07364178
  0.03823283  -0.07085401  -0.23173504

Input Channel 2:
  0.14861839  -0.02779201  -0.14673829
  0.01762465   0.13309400   0.02699449
 -0.01923603   0.00068666   0.03436441

Input Channel 3:
  0.08456066  -0.06400929   0.00390571
  0.06441765  -0.00453864   0.03551406
  0.13599412   0.06693849   0.08673930

Input Channel 4:
 -0.16868754  -0.03914472  -0.07074589
 -0.27266940  -0.23216735  -0.01152332
  0.03880202   0.06459582  -0.08074101

Input Channel 5:
 -0.05879600   0.01063230  -0.00706556
  0.13404211   0.09025718   0.03595287
 -0.01312881   0.15103872   0.07947729

Input Channel 6:
  0.04572520  -0.08150964  -0.15768792
 -0.09005753  -0.03158646   0.03692570
 -0.00178616  -0.08455477   0.00065684

Input Channel 7:
 -0.01436321   0.03986807   0.00650632
 -0.03023746  -0.03894636   0.08975877
  0.05313166   0.00322967  -0.10480393

Input Channel 8:
  0.00064364  -0.10696837   0.06999800
  0.05204850  -0.07858621   0.10097525
  0.09629836  -0.09906788   0.02859440

Input Channel 9:
  0.05925769  -0.06827393  -0.06341448
  0.12889461   0.19449337   0.20404382
  0.26139489   0.16207723   0.16959886

Input Channel 10:
  0.05657740   0.00867961   0.03640206
 -0.03795077  -0.05011224  -0.00622426
 -0.01597023  -0.12976059  -0.05523568

Input Channel 11:
 -0.02805383  -0.04712342  -0.09780479
  0.00408726  -0.05929041   0.06112224
  0.00958305  -0.16180919   0.06544196

Input Channel 12:
  0.04241966   0.08935019   0.01366125
 -0.07923686  -0.00570048  -0.06841190
 -0.02278363   0.04372787   0.07391480

Input Channel 13:
  0.00340447   0.02370778  -0.08010636
  0.05828932   0.14224327  -0.02982308
  0.14845669   0.21270858   0.26394722

Input Channel 14:
 -0.04013376  -0.00175144  -0.04919467
 -0.07560440  -0.05588999  -0.09537099
 -0.08742489  -0.20684092  -0.20583452

Input Channel 15:
  0.01937881   0.07448917   0.11403733
 -0.15469566  -0.15959141  -0.03752456
 -0.13939235  -0.17859282  -0.07469278


=== Output Channel 24 ===
Input Channel 0:
 -0.36517563  -0.26068953  -0.05432907
 -0.04489643   0.15842043   0.09222994
  0.05566014  -0.05207776   0.00533428

Input Channel 1:
  0.12954505   0.14369780  -0.22084305
  0.07156979  -0.15675725   0.04505681
 -0.16248149   0.08257613   0.04149506

Input Channel 2:
 -0.23364866   0.00478743  -0.01569378
  0.11643603   0.16303656   0.09704532
  0.05316355   0.03976195   0.09214470

Input Channel 3:
 -0.07837595   0.01952227   0.01974078
  0.03952872  -0.05161184  -0.00644504
 -0.09944691   0.03829207  -0.08457254

Input Channel 4:
 -0.19811411  -0.05375633  -0.04699126
 -0.08998179  -0.00067442  -0.03463355
  0.02964395   0.06828693  -0.09609801

Input Channel 5:
  0.02260690  -0.03720082  -0.25474495
 -0.28770319  -0.35985997  -0.30540347
 -0.27052289  -0.07385278  -0.26022765

Input Channel 6:
 -0.11786492   0.08126841   0.27774477
  0.19133863   0.13136214   0.15370674
  0.16569571   0.00899200   0.03773900

Input Channel 7:
 -0.08895710  -0.02944620  -0.04080465
  0.08772081  -0.04314026  -0.11067079
 -0.03849933   0.02090435  -0.01219176

Input Channel 8:
  0.03940744   0.07512433  -0.07252178
 -0.00462494  -0.11842398  -0.25488096
 -0.17682262  -0.01442506  -0.13867874

Input Channel 9:
 -0.29312846  -0.31873924  -0.22942355
 -0.33886525  -0.13423139  -0.05191533
  0.00095093  -0.17175919  -0.05068460

Input Channel 10:
  0.02609125   0.04738779  -0.04470095
  0.05803212   0.07629614  -0.12244826
  0.07841429   0.02807428  -0.13875896

Input Channel 11:
  0.01679991   0.04540997   0.14539562
  0.05354746   0.11987203   0.10802560
  0.15744907   0.04548610  -0.06446960

Input Channel 12:
  0.16891479  -0.05643225  -0.00374394
 -0.09448572  -0.11559890   0.00826356
 -0.01587690   0.10894636   0.06481592

Input Channel 13:
  0.01783607  -0.08187235  -0.12579443
 -0.29566932  -0.07866272   0.02946480
 -0.11703654  -0.01905978   0.09745578

Input Channel 14:
  0.11807512   0.01858346  -0.22907697
  0.02222794   0.01681807  -0.00803020
  0.07439124  -0.00617284  -0.07127918

Input Channel 15:
 -0.07271402  -0.04854799   0.07853818
 -0.03502947   0.04251364   0.03644557
  0.04815286  -0.08238448  -0.14710456


=== Output Channel 25 ===
Input Channel 0:
 -0.03021434  -0.07772354   0.01021831
 -0.01446220  -0.20767622  -0.09641347
  0.00785637   0.02763508  -0.11491529

Input Channel 1:
  0.15670000  -0.05052369  -0.07060452
 -0.07502822  -0.02959101   0.09429951
  0.03351992  -0.05273987   0.03980464

Input Channel 2:
 -0.09701934  -0.00061504   0.09751306
  0.18192148  -0.05687261   0.06480934
  0.03162322  -0.01471705   0.00545130

Input Channel 3:
 -0.01868078   0.02045662  -0.11341000
 -0.04974104   0.10115203   0.01147164
  0.07922858   0.02010385   0.01450786

Input Channel 4:
  0.11094417   0.19207492   0.18766813
  0.08062454   0.10041228   0.12580562
  0.02749842  -0.17674245  -0.00105525

Input Channel 5:
 -0.02131524   0.26357150   0.07065997
 -0.10723326   0.13951045   0.00753939
 -0.17123155   0.00173975  -0.17587073

Input Channel 6:
 -0.15277350  -0.21110184  -0.05651846
  0.00304688  -0.09512308  -0.01377193
  0.12553456   0.03851757  -0.02589408

Input Channel 7:
  0.02040165  -0.04578363  -0.01244503
  0.07082238  -0.03960859   0.02267992
  0.09061428  -0.08382671  -0.11635571

Input Channel 8:
  0.00309422   0.07283702   0.03278513
  0.13212365   0.07605734   0.08342081
 -0.00992231   0.15737501  -0.02635977

Input Channel 9:
  0.10976870   0.36678740   0.16828108
  0.25099814   0.18720292   0.08032555
 -0.08874658   0.02083924  -0.13756828

Input Channel 10:
 -0.11087308  -0.16628547  -0.07244685
 -0.03266980  -0.04823528  -0.06243953
 -0.06011780  -0.04590401  -0.15056720

Input Channel 11:
 -0.03844094  -0.07217028  -0.03864263
  0.03020809  -0.01754196   0.02481437
  0.01947559  -0.01870322   0.08363103

Input Channel 12:
 -0.10440040  -0.24425359  -0.07800192
 -0.14994927  -0.19952884  -0.12992869
 -0.11741059  -0.17879266  -0.00129169

Input Channel 13:
  0.01978527   0.12739094   0.10351687
 -0.10573720  -0.04188417   0.08394808
 -0.22792210  -0.14562158  -0.15351301

Input Channel 14:
  0.07607310   0.02123912   0.02441390
  0.05287556   0.14241597   0.04732876
  0.08943839  -0.05409463   0.16091022

Input Channel 15:
 -0.04563122  -0.15043412   0.09253474
  0.07986018  -0.03682645   0.09757698
 -0.05906840  -0.10762789  -0.06703978


=== Output Channel 26 ===
Input Channel 0:
 -0.07484901  -0.00892525   0.05507838
 -0.03110367   0.18130150   0.03783608
 -0.19500299   0.01997471  -0.02961535

Input Channel 1:
 -0.00502830  -0.00692208  -0.12208457
  0.16335957   0.29063690   0.05250636
 -0.09449988   0.00546251  -0.05732101

Input Channel 2:
  0.13206810   0.21632862   0.10601595
 -0.00422606   0.10652171   0.01310085
  0.01010209   0.20930347   0.10476241

Input Channel 3:
  0.04307394  -0.12599047  -0.23970445
  0.03871964  -0.06490315  -0.12535699
  0.07417478  -0.03320441  -0.17637341

Input Channel 4:
 -0.12436952  -0.04554598   0.03400735
  0.07494596   0.11751751   0.26047096
  0.13180365   0.06112442   0.02042526

Input Channel 5:
 -0.12997232  -0.09455523   0.00491197
  0.06421790  -0.20051205  -0.12409957
  0.20940214   0.01263398   0.01472271

Input Channel 6:
  0.06366578   0.14295168  -0.15914929
  0.13753244  -0.09707465  -0.10577884
 -0.09069496   0.05410396   0.05039766

Input Channel 7:
 -0.18233351  -0.22607875  -0.11993340
  0.12204230  -0.02063731   0.02703762
 -0.10733391  -0.18909548  -0.12115960

Input Channel 8:
 -0.05188114  -0.10058589  -0.08451653
  0.17956516   0.06271405  -0.03814498
  0.14501776   0.12366625   0.11339673

Input Channel 9:
  0.07758955   0.19372302   0.14478597
  0.05787453   0.14520316   0.10007084
 -0.02106019  -0.10487993  -0.05502093

Input Channel 10:
 -0.13853125  -0.29839781  -0.34278813
 -0.03334872  -0.08234709  -0.13885877
 -0.00849397  -0.04491716  -0.18008292

Input Channel 11:
  0.03514438  -0.02477863   0.02895146
 -0.15177216  -0.13159353   0.01350333
 -0.10999909   0.17000118   0.16286834

Input Channel 12:
 -0.01433760  -0.06742629   0.03405431
 -0.11864773  -0.13312836  -0.05949784
 -0.21392430  -0.15115292  -0.08912910

Input Channel 13:
  0.02930210   0.13129258   0.03768238
 -0.07187866   0.02396761   0.08540473
  0.09003005  -0.01140305  -0.10796845

Input Channel 14:
  0.00095769  -0.08296044  -0.04119608
  0.03170304   0.11058912   0.04538629
  0.13988368   0.17536205   0.24427815

Input Channel 15:
 -0.01912349  -0.23671742  -0.05082187
  0.01063397  -0.12114119  -0.01565473
  0.13569815   0.00129926   0.14589398


=== Output Channel 27 ===
Input Channel 0:
 -0.07627693  -0.14312777  -0.15785350
 -0.15818027  -0.11924458  -0.15337014
 -0.00925974  -0.13310876  -0.14760880

Input Channel 1:
  0.08020049  -0.13489461  -0.03611466
 -0.10759252  -0.24592149   0.06211260
 -0.10253926  -0.11400552   0.08069891

Input Channel 2:
 -0.13722309   0.04193247  -0.09613017
 -0.02601968  -0.02096045  -0.03656791
 -0.05814647  -0.04150970  -0.05985858

Input Channel 3:
 -0.00910164  -0.12375104   0.01768061
 -0.06344066  -0.06334774   0.13788249
  0.00271716  -0.07709255  -0.00608462

Input Channel 4:
 -0.01917239   0.12575898  -0.12189394
  0.16171217   0.13324919  -0.07446298
  0.20427741   0.01813279  -0.29249334

Input Channel 5:
 -0.14707439  -0.18808785   0.08148815
 -0.07093889  -0.12082410   0.18995486
 -0.22301653  -0.07879081   0.16093878

Input Channel 6:
 -0.00096228   0.10717753  -0.20300138
 -0.00718488   0.04097178  -0.20003174
  0.05838373  -0.08088952  -0.01881051

Input Channel 7:
 -0.04588915  -0.11435917  -0.07151745
 -0.07113700  -0.01717755   0.10301255
 -0.13796128  -0.10431014   0.14652026

Input Channel 8:
 -0.03152442   0.03488105   0.12695742
 -0.00655906  -0.14227811   0.07945807
 -0.05091902   0.08233906   0.17767143

Input Channel 9:
 -0.05456202  -0.26508415  -0.00338001
 -0.10950188  -0.03756753   0.02094900
  0.04598603  -0.02534316   0.06356893

Input Channel 10:
  0.03573206   0.03483053  -0.01684861
  0.01914307  -0.04650138  -0.03681358
  0.07809126  -0.05267037   0.00262141

Input Channel 11:
  0.01314109   0.09942719  -0.03193554
  0.03756180   0.12026305  -0.12924844
  0.12008610   0.10068773  -0.11094949

Input Channel 12:
 -0.14462996   0.03599093   0.07897836
 -0.16391151   0.08156428   0.02439851
 -0.09598456   0.04708096  -0.05578602

Input Channel 13:
 -0.22903720  -0.04573326   0.00349328
 -0.12318058  -0.01379135   0.02758062
 -0.07089087  -0.06454609  -0.03625243

Input Channel 14:
 -0.02654048   0.09974916   0.11477263
 -0.14389670   0.09139983   0.15063953
 -0.09333818   0.24453448   0.07035972

Input Channel 15:
  0.07149647   0.14012343  -0.04200881
  0.02389093   0.02027815  -0.25032052
  0.18368843   0.02121226  -0.04466975


=== Output Channel 28 ===
Input Channel 0:
  0.05441586  -0.12791581  -0.03239816
 -0.16526262  -0.09197342  -0.08479404
 -0.25167304  -0.29925227  -0.07864466

Input Channel 1:
 -0.14676020  -0.08677059   0.10855678
 -0.01280658   0.01049755   0.06459556
 -0.07843734   0.04450075  -0.05779992

Input Channel 2:
 -0.02146402  -0.09734332  -0.12972580
  0.01731031   0.03067372  -0.12005335
 -0.04179627  -0.20238693   0.13096863

Input Channel 3:
 -0.16146468  -0.12121241   0.02533952
 -0.06699599  -0.03224720  -0.02163590
  0.04058881   0.02389855   0.04611925

Input Channel 4:
  0.05534580   0.00260271  -0.25459376
  0.10103642  -0.06722115  -0.19247706
  0.00876738  -0.25513983  -0.29330140

Input Channel 5:
 -0.45665604   0.02691126   0.02154088
 -0.32704949   0.03423393   0.20183454
 -0.21716721   0.08846287   0.02146671

Input Channel 6:
  0.03531621  -0.09926838  -0.27490732
  0.01530974  -0.12351949   0.08811287
 -0.01510230  -0.02233112   0.19918002

Input Channel 7:
 -0.12784298  -0.14301504  -0.05993810
  0.02444066  -0.01909301   0.08668476
 -0.06867564  -0.05309098   0.09491155

Input Channel 8:
 -0.29818678  -0.06299913   0.14521018
 -0.21812882   0.05814686   0.17952873
 -0.19515988   0.10345504   0.06618887

Input Channel 9:
 -0.15124403  -0.07812458   0.19792356
 -0.26952761  -0.15781176   0.09331027
 -0.05806923  -0.17887551   0.00817582

Input Channel 10:
  0.01158812  -0.21321432  -0.05899384
  0.04148829  -0.00540980   0.06391624
  0.01776682  -0.02406728   0.03671953

Input Channel 11:
  0.07882588   0.05451937  -0.17207916
  0.03995566   0.02458013  -0.36579478
 -0.00002355  -0.12353276  -0.14411506

Input Channel 12:
  0.09175760   0.11010446   0.11192387
  0.09306409   0.18250707  -0.07046092
  0.10143938   0.10308672  -0.11830843

Input Channel 13:
 -0.02494582   0.13525301   0.01607643
  0.05787129   0.11394539  -0.09414149
  0.03116416   0.04849770  -0.13196252

Input Channel 14:
 -0.10437091   0.10476293   0.13394500
 -0.07261855   0.08914674   0.07973627
  0.17784393   0.18118605  -0.05156547

Input Channel 15:
  0.01494140  -0.11823861  -0.33676076
  0.00159493  -0.06538173  -0.05879543
  0.07662989  -0.09033095   0.03809357


=== Output Channel 29 ===
Input Channel 0:
 -0.11036316  -0.02927481  -0.14967038
 -0.10215893   0.28200346   0.18019611
 -0.02857897   0.11185180   0.07066207

Input Channel 1:
 -0.04216937   0.10095531   0.13089994
  0.08483186   0.12318924  -0.00555790
 -0.24181303  -0.03547202  -0.01380548

Input Channel 2:
 -0.14414740   0.02061273   0.00833593
 -0.07507788   0.13045293   0.19705302
  0.25932777   0.21472146   0.06583736

Input Channel 3:
  0.02114630   0.05774395  -0.00049493
  0.00692520   0.03368166  -0.16329519
 -0.04450773  -0.04168366   0.06219274

Input Channel 4:
  0.01502237   0.03303702   0.01163034
 -0.09929916  -0.06690386  -0.12655181
 -0.00357922  -0.09652691   0.06867271

Input Channel 5:
  0.08559030  -0.12278755  -0.07873747
 -0.18322828  -0.17525731  -0.10536890
 -0.13470112  -0.11938461  -0.05182466

Input Channel 6:
 -0.12576023  -0.28863642  -0.26551357
  0.05105600   0.18358213   0.22699651
  0.20287937   0.09902703   0.17922045

Input Channel 7:
 -0.02449710   0.05826637  -0.04141067
  0.06597630   0.03805457   0.02482620
 -0.06482041  -0.08119204  -0.11627683

Input Channel 8:
  0.03209396  -0.12989393  -0.11340413
 -0.18394995   0.01852147  -0.12905660
  0.05599075  -0.12595589   0.09053950

Input Channel 9:
 -0.17510842   0.04815305   0.07860576
 -0.14020304  -0.06625468  -0.04049197
 -0.02757421  -0.03400593   0.10071261

Input Channel 10:
  0.04729573  -0.03362672  -0.08018932
  0.04086928   0.07551429  -0.01865052
  0.03261510  -0.10347761  -0.10943495

Input Channel 11:
  0.01166948   0.01303697  -0.19344749
 -0.08420400  -0.12718929   0.05085798
  0.06840558   0.06722821   0.10500202

Input Channel 12:
  0.05383805   0.10821914   0.19982284
 -0.08917961  -0.04702011  -0.22519040
 -0.15562651  -0.08540688  -0.02228925

Input Channel 13:
  0.11824578   0.11474320   0.03105297
 -0.01151786  -0.16828631  -0.11567990
 -0.18641132  -0.13762212   0.04598359

Input Channel 14:
 -0.11666298  -0.01906888  -0.00613584
 -0.06386503  -0.04631414  -0.11061963
  0.16460642   0.14433704   0.03924862

Input Channel 15:
  0.04209483   0.12713183  -0.02734588
 -0.09274807  -0.18515192  -0.08780213
 -0.13056573  -0.08059087   0.04535633


=== Output Channel 30 ===
Input Channel 0:
 -0.13872366  -0.01252584   0.06535485
 -0.27759594  -0.01619326   0.20790760
  0.08988617  -0.22449158   0.05948609

Input Channel 1:
 -0.04917175  -0.12870175   0.14027312
  0.12972574  -0.11471151  -0.09691603
  0.10093560   0.00695150  -0.13434574

Input Channel 2:
 -0.01051751   0.07168543   0.10729910
 -0.23614262  -0.16736810   0.19599745
  0.00397546  -0.17068715   0.12579952

Input Channel 3:
  0.07312282   0.10141566   0.05390465
  0.15315340   0.04947431   0.09578443
  0.03521476  -0.01987243  -0.11851408

Input Channel 4:
  0.05910061   0.11766709  -0.00446844
  0.24524078   0.23526500  -0.06715669
  0.09015527   0.28528500   0.02819692

Input Channel 5:
 -0.02643231   0.25293797   0.11165930
 -0.12679842   0.18956794   0.23471306
 -0.20424820  -0.02174991   0.08845361

Input Channel 6:
 -0.12037647  -0.26522607  -0.16585469
 -0.20276991  -0.39005476  -0.13606410
  0.07412241  -0.08152626  -0.41458839

Input Channel 7:
 -0.02921589  -0.04168899   0.12394987
  0.05981513  -0.03925437  -0.03735469
  0.05531665  -0.06895880  -0.01168150

Input Channel 8:
 -0.10759092   0.01739286   0.08372574
 -0.37374833  -0.14175518   0.14880453
 -0.27418426  -0.23409805  -0.02904978

Input Channel 9:
  0.23850621   0.36833733   0.30422449
  0.35723752   0.37212631   0.26856071
  0.13933279   0.21953186   0.14202842

Input Channel 10:
 -0.08376923  -0.12819909   0.15232462
  0.08383822  -0.16614459  -0.06100094
  0.13414811  -0.00372624  -0.00113002

Input Channel 11:
 -0.02451587  -0.16143356  -0.09341908
 -0.11492211  -0.06246560  -0.07484236
 -0.18742472  -0.11809359  -0.00960284

Input Channel 12:
  0.11069908   0.02768740  -0.02152154
 -0.09232957  -0.04015728  -0.03718349
 -0.23090659  -0.12394291  -0.03599389

Input Channel 13:
  0.20458952   0.10234493  -0.01658488
  0.07738359   0.23549867   0.21451572
 -0.32990992   0.06948852   0.29680055

Input Channel 14:
 -0.05065403   0.01017481   0.04643653
 -0.21880168  -0.25561154  -0.08949687
 -0.09069545  -0.18852912  -0.00516751

Input Channel 15:
 -0.02499005  -0.06269763  -0.22278176
  0.06893745   0.02237066  -0.13963698
  0.03458875   0.03655720  -0.15498039


=== Output Channel 31 ===
Input Channel 0:
 -0.10154407   0.03729482  -0.01449387
 -0.15855613  -0.05043747  -0.08468551
  0.07846193   0.00918118   0.04599498

Input Channel 1:
  0.00788096   0.16426185   0.01304646
  0.10896049  -0.00638323  -0.07843491
 -0.01019049   0.11962167   0.10219838

Input Channel 2:
  0.21106422   0.19891912   0.03415200
 -0.02983927   0.16054656  -0.02675815
  0.02996357   0.17333013   0.02343425

Input Channel 3:
 -0.14120920  -0.10739360  -0.18103890
  0.09458598   0.02173627  -0.08348210
  0.01968333   0.05211676   0.09014794

Input Channel 4:
 -0.04747679   0.00065633   0.15078554
 -0.04877562  -0.03809727   0.19757104
  0.14316975   0.04407380   0.21623255

Input Channel 5:
 -0.17301190  -0.13962866  -0.00396224
  0.02814018  -0.07757343   0.06242424
  0.09965935  -0.06891423   0.01841817

Input Channel 6:
  0.21344092   0.22058052  -0.23400664
 -0.03763226   0.04766477  -0.02240635
 -0.13506129  -0.09152988   0.18980607

Input Channel 7:
 -0.11719935  -0.07766662  -0.13364165
 -0.01623504  -0.00948197   0.01309009
 -0.01126643  -0.06184629   0.02145649

Input Channel 8:
 -0.05381132  -0.04539977   0.06717594
  0.16151549   0.14832564  -0.00708149
  0.01751735  -0.02068721  -0.03906827

Input Channel 9:
 -0.26650268   0.04518113   0.22604449
 -0.02549599   0.09633795   0.06381840
  0.20372844   0.09516977   0.06492691

Input Channel 10:
 -0.03396673  -0.21025020  -0.17737296
 -0.15375994  -0.17976688  -0.22751321
 -0.12194906  -0.17979996  -0.04621816

Input Channel 11:
  0.10892130   0.10553861   0.02681697
  0.09352859   0.02026496   0.09745917
 -0.06295299   0.06237869   0.01011526

Input Channel 12:
 -0.13875677   0.04399026  -0.11799208
 -0.18669678  -0.16039568  -0.12750758
 -0.14715759  -0.04523475  -0.08450434

Input Channel 13:
 -0.28179020  -0.17439257   0.07053290
 -0.04361509  -0.02998517  -0.02031313
 -0.01012130   0.10602857  -0.11403608

Input Channel 14:
  0.28399390   0.18061225   0.03407753
  0.20558089   0.05521238   0.08533596
 -0.08326063   0.02351215   0.13774790

Input Channel 15:
 -0.01320842  -0.16576147  -0.00974840
  0.05725509   0.00969126   0.16455728
 -0.02668869  -0.09809714   0.16080116


