  0.11021640
 -0.10809985
 -0.02373677
 -0.00347289
  0.01237336
 -0.04515954
  0.01190616
 -0.08207079
 -0.01254942
  0.03310321
  0.01537314
  0.03154000
 -0.04001775
 -0.07595173
  0.06956307
 -0.08807393
 -0.09111964
  0.05971753
 -0.07163025
 -0.04901927
  0.01319865
  0.00633716
 -0.08993136
 -0.05925060
 -0.05858034
  0.00657498
 -0.01842494
 -0.06835797
  0.01099305
  0.08219758
 -0.07219701
 -0.01907182
 -0.01121477
 -0.04581670
 -0.06182089
  0.02032743
 -0.00902643
 -0.02278212
 -0.12983783
  0.04317243
  0.02056631
  0.01317251
 -0.04494140
 -0.00869134
  0.01892087
 -0.05032184
 -0.04415053
 -0.09700208
 -0.09410531
 -0.03258491
 -0.03085880
 -0.04700008
 -0.07768424
 -0.03853409
 -0.01833464
 -0.02770243
  0.01080834
  0.02597195
  0.05494655
 -0.02070062
 -0.07989776
  0.09840109
 -0.09041480
  0.02139168
